new york(841954) : (-1,-1,-1,-1) (-1.000000,-1.000000)
sunnyvale(1139231) : (-1,-1,-1,-1) (-1.000000,-1.000000)
gibson(479780) : (-1,-1,-1,-1) (-1.000000,-1.000000)
metallica(770993) : (-1,-1,-1,-1) (-1.000000,-1.000000)
